<?xml version="1.0"?>
<opencv_storage>
<calibration_time>"Fri 27 May 2016 10:18:14 AM MSK"</calibration_time>
<nr_of_frames>15</nr_of_frames>
<image_width>640</image_width>
<image_height>480</image_height>
<board_width>9</board_width>
<board_height>8</board_height>
<square_size>17.</square_size>
<flags>0</flags>
<camera_matrix type_id="opencv-matrix">
  <rows>3</rows>
  <cols>3</cols>
  <dt>d</dt>
  <data>
    8.5119401687227457e+02 0. 3.7555705954007021e+02 0.
    9.2672162704720222e+02 1.9330543218896261e+02 0. 0. 1.</data></camera_matrix>
<distortion_coefficients type_id="opencv-matrix">
  <rows>5</rows>
  <cols>1</cols>
  <dt>d</dt>
  <data>
    9.4737309285218996e-01 -7.3800304211888816e+00
    2.8911644835777833e-02 3.2808574965244107e-02 2.2840658806717556e+01</data></distortion_coefficients>
<avg_reprojection_error>9.9305099362068661e-01</avg_reprojection_error>
<per_view_reprojection_errors type_id="opencv-matrix">
  <rows>15</rows>
  <cols>1</cols>
  <dt>f</dt>
  <data>
    8.13932180e-01 4.33730990e-01 5.99341810e-01 1.08181620e+00
    1.14568388e+00 1.54300606e+00 1.75690413e+00 1.25698876e+00
    1.28659952e+00 8.46586406e-01 5.68871737e-01 7.38820195e-01
    5.29371500e-01 4.50806528e-01 5.71786046e-01</data></per_view_reprojection_errors>
<extrinsic_parameters type_id="opencv-matrix">
  <rows>15</rows>
  <cols>6</cols>
  <dt>d</dt>
  <data>
    -2.5860730251373681e-01 -3.4018138876173420e-01
    -3.8347430987178147e-02 -4.9402161114553842e+01
    -3.6022497163106244e+01 4.9669588101473380e+02
    -1.4858360584288399e-01 -4.5968723199403488e-01
    2.0660427240933990e-01 -1.2211431560685430e+02
    -7.1265239959615414e+01 4.8834419428244956e+02
    -4.7688887920761669e-01 -6.7247879476903327e-01
    -2.5137029179586873e-01 -1.6396182199323320e+02
    -3.5204263977196348e+01 4.6797089435110064e+02
    -3.2997950789587727e-01 -4.4071282350160745e-01
    2.1436091071886090e-01 -1.4648244374918389e+02
    -5.6651189635101709e+01 4.7696110655227005e+02
    -6.0777225351477338e-01 -1.2391783293714558e-01
    -1.4950252042682333e-01 -6.8253584921658273e+01
    -1.4302576599794721e+01 4.3137246742301312e+02
    2.2886351137912500e-01 -2.1474294684950365e-01
    2.5523005742156968e-01 -9.5382792689381475e+00
    -7.1137270975018197e+01 5.0624337173148763e+02
    3.1475724072603684e-01 -3.0507245898766083e-01
    6.3630293271834504e-01 3.6744650879594204e+01
    -4.5611763716105209e+01 4.9243625798669461e+02
    1.9277089533760960e-01 -4.1994393908874023e-01
    4.7549306130960506e-01 -1.3842783883703484e+02
    -9.3635710485521741e+01 5.3844460708575002e+02
    -4.9909599592392018e-01 -1.0518550193921178e-01
    -3.1245413627557846e-02 -6.1421273122530934e+01
    -3.1489614908511658e+01 4.0869862952245524e+02
    -5.1022044166492631e-01 -2.4985895652222612e-01
    -6.7124460912964645e-01 -3.2308842899160055e+01
    -3.0295400228178462e+01 5.8637605338920912e+02
    -1.8281536537824225e-01 -2.3351108997537415e-01
    -2.1330587250412564e-02 4.0149173151645975e+01
    -8.7857210296051733e+01 6.4034352070258274e+02
    -2.3398417530601320e-01 -1.5799061469832723e-01
    3.5300170630968755e-02 4.8134564502709694e+01 4.8953994751456428e+01
    7.0540261517611805e+02 -3.8726138060868992e-01
    -3.0647159890545927e-01 3.0906227691089812e-02
    -1.0732941817234072e+02 6.1256926988129194e+01
    7.3801786635538633e+02 -3.9956707725912111e-01
    -4.9039919409117561e-01 1.5437539379978511e-02
    -2.3669338940145383e+02 2.5673511889534680e+01
    6.8873234230263392e+02 -2.4343718121574298e-01
    -5.2542104125774725e-01 -4.1178502353281098e-02
    -2.2772610809383377e+02 -8.4182214814164610e+01
    6.1032890555179654e+02</data></extrinsic_parameters>
<image_points type_id="opencv-matrix">
  <rows>15</rows>
  <cols>72</cols>
  <dt>"2f"</dt>
  <data>
    2.90079834e+02 1.25696968e+02 3.18274933e+02 1.26782837e+02
    3.45984436e+02 1.27820747e+02 3.73150421e+02 1.28879623e+02
    3.99860382e+02 1.29832779e+02 4.26012970e+02 1.30652710e+02
    4.52013977e+02 1.31450546e+02 4.77579132e+02 1.32175568e+02
    5.02629181e+02 1.32763214e+02 2.91751312e+02 1.55907639e+02
    3.20197327e+02 1.56702454e+02 3.48190796e+02 1.57432159e+02
    3.75518219e+02 1.58310211e+02 4.02433502e+02 1.58995560e+02
    4.28937500e+02 1.59540359e+02 4.55042023e+02 1.60115799e+02
    4.80829987e+02 1.60619629e+02 5.06185364e+02 1.60953247e+02
    2.93556763e+02 1.86757339e+02 3.22277435e+02 1.87228287e+02
    3.50453918e+02 1.87772400e+02 3.77990875e+02 1.88388184e+02
    4.05179871e+02 1.88748108e+02 4.31845032e+02 1.89085419e+02
    4.58125671e+02 1.89482513e+02 4.84221741e+02 1.89653564e+02
    5.09851898e+02 1.89740799e+02 2.95363922e+02 2.18387756e+02
    3.24341003e+02 2.18613327e+02 3.52725586e+02 2.18877991e+02
    3.80557281e+02 2.19121399e+02 4.07951721e+02 2.19243866e+02
    4.34893402e+02 2.19308624e+02 4.61382904e+02 2.19430618e+02
    4.87733856e+02 2.19358917e+02 5.13719971e+02 2.19120651e+02
    2.97049469e+02 2.50996902e+02 3.26381042e+02 2.50826035e+02
    3.55100708e+02 2.50737930e+02 3.83176331e+02 2.50667007e+02
    4.10753571e+02 2.50520081e+02 4.37998322e+02 2.50345688e+02
    4.64817139e+02 2.50143372e+02 4.91385101e+02 2.49815369e+02
    5.17560730e+02 2.49447540e+02 2.98616486e+02 2.84622284e+02
    3.28359894e+02 2.83998993e+02 3.57495026e+02 2.83438538e+02
    3.85894165e+02 2.83006348e+02 4.13733612e+02 2.82564117e+02
    4.41320526e+02 2.82025116e+02 4.68486725e+02 2.81436310e+02
    4.95205078e+02 2.80933990e+02 5.21449585e+02 2.80380981e+02
    3.00135468e+02 3.19100494e+02 3.30233643e+02 3.18031586e+02
    3.59817841e+02 3.17056000e+02 3.88637115e+02 3.16187622e+02
    4.16861877e+02 3.15385925e+02 4.44800720e+02 3.14468109e+02
    4.72272522e+02 3.13611450e+02 4.99196075e+02 3.12856506e+02
    5.25577576e+02 3.12043884e+02 3.01739563e+02 3.54311127e+02
    3.32154480e+02 3.52879791e+02 3.62131409e+02 3.51506287e+02
    3.91360260e+02 3.50210358e+02 4.20004547e+02 3.48994659e+02
    4.48169617e+02 3.47779602e+02 4.75856964e+02 3.46653320e+02
    5.03175354e+02 3.45496429e+02 5.29750427e+02 3.44387360e+02
    1.61866074e+02 5.80865898e+01 1.90785812e+02 6.74312286e+01
    2.18993652e+02 7.66076660e+01 2.46236832e+02 8.55739288e+01
    2.72694489e+02 9.41488571e+01 2.98260437e+02 1.02422409e+02
    3.23272675e+02 1.10396149e+02 3.47542053e+02 1.18079201e+02
    3.71081726e+02 1.25446632e+02 1.55042267e+02 8.85640030e+01
    1.84451004e+02 9.75938644e+01 2.13072769e+02 1.06366310e+02
    2.40574936e+02 1.14991096e+02 2.67295593e+02 1.23179672e+02
    2.93199615e+02 1.31019287e+02 3.18360474e+02 1.38710388e+02
    3.42867676e+02 1.45984192e+02 3.66652618e+02 1.53005829e+02
    1.48259949e+02 1.19717262e+02 1.78085663e+02 1.28275574e+02
    2.06990479e+02 1.36731110e+02 2.34783508e+02 1.44924179e+02
    2.61847168e+02 1.52648499e+02 2.88003143e+02 1.60138977e+02
    3.13369690e+02 1.67413376e+02 3.38202026e+02 1.74369797e+02
    3.62269714e+02 1.80983734e+02 1.41390106e+02 1.51537216e+02
    1.71588394e+02 1.59712036e+02 2.00756516e+02 1.67757172e+02
    2.28944397e+02 1.75408401e+02 2.56269379e+02 1.82705994e+02
    2.82672485e+02 1.89787064e+02 3.08325439e+02 1.96631683e+02
    3.33432953e+02 2.03207397e+02 3.57910461e+02 2.09440277e+02
    1.34137634e+02 1.84142441e+02 1.64746994e+02 1.91788742e+02
    1.94360489e+02 1.99303436e+02 2.22875290e+02 2.06475113e+02
    2.50445206e+02 2.13389923e+02 2.77258331e+02 2.20058914e+02
    3.03243439e+02 2.26479416e+02 3.28572784e+02 2.32624100e+02
    3.53193848e+02 2.38564835e+02 1.26549149e+02 2.17553604e+02
    1.57653336e+02 2.24574722e+02 1.87762421e+02 2.31505630e+02
    2.16664719e+02 2.38206497e+02 2.44573608e+02 2.44595795e+02
    2.71717499e+02 2.50763153e+02 2.98093292e+02 2.56698486e+02
    3.23658051e+02 2.62546692e+02 3.48470062e+02 2.68161011e+02
    1.18823982e+02 2.51545959e+02 1.50297180e+02 2.58011139e+02
    1.80876526e+02 2.64339081e+02 2.10277328e+02 2.70498627e+02
