<?xml version="1.0"?>
<opencv_storage>
<perspective type_id="opencv-matrix">
  <rows>8</rows>
  <cols>1</cols>
  <dt>d</dt>
  <data>
    1.1644936430195958e+002 2.6716892971588095e+001
    4.1420622576864116e+002 6.0591447304182111e+000
    8.9307502258452587e+001 -4.1140590241187601e+002
    1.3874787566305002e-002 1.1317441706204079e-001</data></perspective>
</opencv_storage>
